## 맵별로 등장하는 몬스터 vnum

#map_index	mob_vnum	spawn_pos
1	101	642,455	822,750	407,802
1	102	433,405	806,541
1	103	813,572	510,222
1	104	510,213	726,248
1	105	294,497	546,182	663,1042
1	106	571,136	810,823	531,1120
1	107	335,195	165,695	280,1115
1	108	724,240	434,620
1	109	242,430	380,745	605,995
1	110	325,260	534,1111
1	111	531,143	899,203	622,1080
1	112	289,220	137,640	250,1050
1	113	155,842	878,1012
1	114	630,81	192,520	375,950
1	115	160,825	134,1035
1	142	283,256
1	144	263,1090
1	151	790,700	500,860
1	152	900,850	865,245
1	153	690,930	240,540
1	154	920,880	240,530
1	155	180,480	950,200
1	171	750,310	480,500	700,700
1	172	777,270	520,380
1	173	410,420	820,610	310,550
1	174	510,720	500,400	830,630
1	175	810,460	560,930	260,540
1	176	434,220	251,400	610,1000
1	177	718,230	300,520	625,890
1	178	295,540	780,800	400,800
1	179	250,390	830,800	650,1040
1	180	930,230	380,900	510,1100
1	181	910,860	550,1030	740,100
1	182	720,130	280,220	410,1010
1	183	810,110	120,560	930,960
1	184	650,100	170,500	840,90
1	191	850,850
1	192	400,800
1	193	250,250
1	194	250,1100
1	301	180,320	70,100
1	302	250,180	140,340
1	303	900,1050	170,160
1	304	240,170	115,860
1	351	170,330
1	352	150,440	130,110
1	354	180,190
1	392	200,250
1	393	170,120
1	394	110,880
1	395	140,260
1	396	100,100
1	397	200,140
1	398	160,130
1	8001	550,1000
1	8002	350,1150
1	8003	850,800
1	8004	150,800
1	8005	250,100
21	101	650,400	830,750	495,550
21	102	500,440	800,720
21	103	800,700	450,700
21	104	690,350	400,900
21	105	640,360	350,700	400,950
21	106	950,550	300,800
21	107	370,440	870,490	240,600
21	108	450,400	350,800
21	109	750,400	500,1000
21	110	300,450	350,1000
21	111	900,470	390,1000
21	112	870,210	260,900
21	113	600,1050	300,1120
21	114	700,240	650,1085
21	115	900,1050	400,1140
21	136	900,990
21	142	830,400
21	144	250,600
21	151	700,300
21	152	800,900
21	153	900,900
21	154	600,1050
21	155	300,1000
21	171	630,450	800,600	580,890
21	172	830,610	520,900
21	173	460,480	800,730	600,1000
21	174	450,550	750,350	500,950
21	175	780,300	400,950
21	176	390,620	700,1000
21	177	280,800	600,350
21	178	800,480	340,1050
21	179	360,530	900,600	430,1020
21	180	860,250	270,540
21	181	620,315	920,930	270,880
21	182	600,280	420,1070
21	183	320,270	690,1080
21	184	270,640	930,1070
21	185	300,290	690,1110
21	191	900,1000
21	192	250,950
21	193	800,400
21	194	250,600
21	301	600,200	300,150
21	302	500,200	800,80
21	303	300,150	800,1100
21	304	700,150	300,150
21	351	400,250	
21	352	500,250	250,1150
21	354	400,200	800,1110
21	391	600,200
21	392	900,1050
21	393	320,180
21	394	350,250
21	395	600,150	
21	396	900,1050	300,150
21	397	290,150
21	398	350,150
21	8001	300,600
21	8002	650,1020
21	8003	400,550
21	8004	800,950
21	8005	650,150
41	101	340,400	203,680	500,850
41	102	350,350	210,750
41	103	300,400	190,800
41	104	500,400	140,850
41	105	400,900	140,550
41	106	220,210	700,730	200,1070
41	107	190,200	650,1000
41	108	400,350	600,950
41	109	300,250	150,940
41	110	300,250	750,460
41	111	150,1050	550,1070
41	112	240,180	600,320
41	113	700,950	130,1070
41	114	250,150	400,1000
41	115	400,1060	750,1010
41	136	370,950
41	138	130,1090
41	142	300,150
41	144	90,330
41	151	500,400
41	152	700,800
41	153	150,1000
41	154	100,1050
41	155	300,200
41	171	350,400	550,700
41	172	400,400	150,700
41	173	420,400	180,850	480,1000
41	174	270,350	630,700	180,900
41	175	400,400	150,900
41	176	130,350	680,630	130,1000
41	177	350,300	140,800	710,390
41	178	200,930	690,670
41	179	300,300	660,600	150,960
41	180	300,250	700,400
41	181	550,330	730,1000	140,1050
41	182	600,250	500,1080
41	183	700,900	370,1030
41	184	200,150	750,800	350,1070
41	185	130,1050	600,1075
41	191	400,950
41	192	100,1100
41	193	300,150
41	194	100,300
41	301	500,150	750,1080
41	302	650,200	713,1100
41	303	550,130
41	304	650,150	710,1100
41	351	580,150
41	352	670,230	400,1100
41	354	600,210	645,1100
41	391	700,130
41	392	610,200
41	393	550,130
41	395	500,130
41	396	480,130
41	397	600,1100
41	398	450,120
41	8001	350,200
41	8002	130,350
41	8003	630,750
41	8004	140,1030
41	8005	680,150
3	301	930,550
3	302	900,540
3	331	300,50
3	332	700,100
3	333	600,150
3	334	650,200
3	352	900,700
3	401	700,70	84,480	300,900
3	402	650,500	300,600
3	403	820,280	160,460	300,900
3	404	800,350	180,600	500,350
3	405	800,150	180,600
3	406	800,150	600,350
3	431	200,200
3	432	200,200
3	433	180,300
3	434	100,580
3	435	800,200
3	436	850,300
3	451	900,450	650,680
3	453	300,430	900,450	700,800
3	454	930,150	450,500
3	455	800,150	255,880
3	456	500,100	91,700	
3	491	300,850
3	492	150,600
3	493	360,380
3	494	550,300
3	501	200,80	650,70	500,700
3	502	170,80	700,80
3	503	250,150	850,450
3	504	230,220	840,430
3	531	600,400
3	532	600,400
3	533	200,550
3	534	300,680
3	551	730,100	150,80
3	552	300,200	680,150
3	553	300,150
3	554	230,150
3	591	800,400
3	8005	300,900
3	8006	300,900
3	8007	200,200
23	301	130,200
23	302	200,180
23	331	700,500
23	332	750,650
23	333	550,800
23	334	450,800
23	352	200,250
23	401	850,500	200,700
23	402	600,500	190,600
23	403	700,200	500,700	
23	404	150,600	650,650	
23	405	750,440	220,700
23	406	500,750	130,400	
23	431	450,150
23	432	600,200
23	433	600,180
23	434	250,350
23	435	220,530
23	436	250,650
23	451	600,250	160,360
23	453	400,160	150,380
23	454	400,200	180,600
23	455	230,630
23	456	850,500	160,600
23	491	650,250
23	492	250,650
23	493	150,400
23	494	600,200
23	501	900,450	600,700	400,800
23	502	800,200	650,750	150,700
23	503	850,550	200,800
23	504	800,700
23	531	600,200
23	532	350,250
23	533	250,500
23	534	250,750
23	551	700,200	300,830
23	552	750,150	240,830
23	553	850,330	350,850	
23	554	850,560	650,850
23	591	650,850
23	8005	650,250
23	8006	700,200
23	8007	170,700
43	301	800,120	650,150
43	302	650,150
43	331	150,550
43	332	200,550
43	333	180,700
43	334	300,700
43	352	850,150
43	401	150,560	400,700	800,800
43	402	150,400	600,650	850,450
43	403	170,400	850,700	
43	404	130,350	600,300	
43	405	160,120	700,700
43	406	400,200	650,700
43	431	550,700
43	432	850,850
43	433	160,800
43	434	300,200
43	435	120,190
43	436	150,400
43	451	600,180	850,400
43	453	530,150	350,230	800,400
43	454	150,270	730,660	830,440
43	455	160,170	850,740
43	456	450,700	800,800	250,220
43	491	400,200
43	492	230,130
43	493	650,400
43	494	650,230
43	501	270,820	500,700
43	502	850,800	500,820	240,900
43	503	250,850	
43	504	550,850	830,500
43	531	850,500
43	532	300,650
43	533	150,600
43	534	400,700
43	551	170,580	800,800
43	552	850,850	300,800
43	553	500,800	190,820
43	554	850,800	250,830
43	591	800,450
43	8005	500,600
43	8006	150,250
43	8007	550,700
4	131	80,150	400,200
4	132	120,300	
4	133	300,220
4	134	110,400
4	135	200,350
4	138	160,160
4	139	310,270
4	140	75,333
4	141	160,170
4	143	250,290	70,350
24	131	111,50	400,150
24	132	320,110	110,385
24	133	190,170	400,250
24	134	420,260
24	135	200,95	400,300
24	138	60,70	450,150
24	139	300,80	170,60
24	140	320,85	140,400
24	141	160,75	410,160
24	143	40,133	200,250
44	131	95,115	240,200
44	132	100,100	450,400
44	133	170,83	450,370
44	134	250,180	420,370
44	135	450,50	50,100
44	138	300,200	140,20
44	139	120,250	400,450
44	140	200,90	400,450
44	141	44,90	450,95
44	143	300,150	160,70
5	5101	80,230	480,120
5	5102	300,150	600,170
5	5103	135,360	450,350
5	5104	170,470	430,380
5	5161	600,340
25	5101	75,200	480,200
25	5102	540,50	120,680
25	5103	110,490	450,410
25	5104	100,370	500,350
25	5161	600,340
45	5101	75,200	480,200
45	5102	540,50	120,680
45	5103	110,490	450,410
45	5104	100,370	500,350
45	5161	600,340
108	5111	80,230	420,240
108	5112	300,120	400,170
108	5113	450,350	160,610
108	5114	100,370	580,350
108	5115	160,400	580,350
108	5162	630,490
109	5121	80,200	500,480
109	5122	480,160	160,400	
109	5123	160,370	500,340
109	5124	230,230	630,500
109	5125	600,530
109	5126	600,530	
109	5151	140,240	480,120
109	5152	100,210	480,250
109	5153	166,430	550,230
109	5154	500,340	620,170
109	5155	270,100	580,380
109	5156	130,550	180,700	600,360
109	5163	630,490
61	901	400,170	1080,200	540,1180
61	902	1100,200	300,230	700,1150
61	903	390,150	1100,330	900,1230
61	904	1250,550	380,1050	
61	905	500,200	1000,550	130,500
61	906	680,210	1050,500	220,700
61	907	1050,500	400,1000
61	931	1100,150	412,180
61	932	1200,400	500,1300
61	933	1100,210	350,355
61	934	1100,1100	300,1300
61	935	1100,1150	840,250
61	936	1300,500	390,1100
61	937	1050,500	655,900
61	1101	750,500	850,200
61	1102	730,400	890,890
61	1103	700,300	850,800	1400,800
61	1104	800,350	1350,750	200,1100
61	1105	1050,650	350,800	170,1160
61	1106	1400,700	330,860	200,1100
61	1107	1400,1050	150,1070
61	1171	720,600	1400,750
61	1901	400,1300
61	8011	700,600
61	8013	1200,1000
62	2201	650,350	150,400	1030,130
62	2202	150,420	700,550	1030,115
62	2203	100,550	850,1000	430,1080
62	2204	100,550	650,350	1300,230
62	2205	180,660	640,1000
62	2206	700,1000
62	8014	200,600	750,1000
63	2001	700,180	900,200
63	2002	200,1050	1089,1200
63	2003	450,550	1150,630
63	2004	1050,850	550,700
63	2005	500,800	1000,900
63	2051	1111,150	450,240	720,1250
63	2052	600,300	200,400	1050,1150
63	2053	350,1200	1050,240	850,350
63	2054	350,350	1250,530	1100,1100
63	2102	900,150	350,150	1350,900
63	2103	510,150	1050,200	1050,1300
63	2104	700,350	1120,500	350,900
63	2105	680,630	1050,900	300,950
63	2106	620,750	1050,850	
63	2107	650,650	1150,900
63	2108	700,800	1400,1000
63	2131	500,700	1050,850
63	2158	830,650	1030,450
63	2191	1400,1050
63	8008	900,200
63	8009	1250,600
63	8010	800,850
64	531	1300,120
64	532	850,1350
64	533	730,1300	1330,500
64	534	1050,1050
64	601	500,130	1300,130
64	602	1400,300	200,700
64	603	950,1250	700,1300
64	604	220,700	1000,1300	1300,300
64	631	1300,150	200,640	700,1300
64	632	700,550	850,600	1100,450
64	633	950,730	500,150	1350,280
64	634	950,740	1100,400
64	635	700,850	800,150
64	636	700,600	1100,1100
64	637	600,600	1100,1050
64	651	1300,230	250,750
64	652	1100,1050	1400,280
64	653	1000,1300	700,1300
64	654	700,130	1200,500	300,500
64	655	1100,500	300,500
64	656	600,600	1000,400
64	657	900,600	700,900
64	701	250,150	900,400	1300,800
64	702	250,200	600,300	1400,750
64	703	1000,750	270,1300
64	704	150,230	1300,950	800,700
64	705	700,700	
64	706	850,700	
64	707	700,800
64	751	1000,350
64	752	250,1300
64	753	600,800
64	754	700,600
64	755	600,800
64	756	800,800
64	757	600,800
64	2103	1300,150	800,1350
64	8009	700,800
65	731	200,380	480,150
65	732	130,400	200,850
65	733	500,140	100,300
65	734	200,80	600,100
65	735	900,100	500,50
65	736	850,650	930,140
65	737	850,600	930,340
65	771	100,650
65	772	100,700
65	773	500,80	200,200
65	774	200,400	100,700
65	775	220,850	150,150
65	776	900,550	800,130
65	777	900,650	650,60
65	791	950,600
65	1301	400,800	900,600
65	1302	450,700	850,900	650,140
65	1303	650,150	950,350
65	1304	350,400
65	1305	800,900	380,400
65	1332	500,500
66	1001
66	1002
66	1003
66	1004
66	1031
66	1032
66	1033
66	1034
66	1035
66	1036
66	1037
66	1038
66	1039
66	1040
66	1041
66	1061
66	1062
66	1063
66	1064
66	1065
66	1066
66	1068
66	1069
66	1070
66	1071
66	1091
66	1092
66	1093
66	8015
66	8016
66	8019
67	2301	210,80	450,230	30,280
67	2302	350,250	430,60	50,280
67	2303	400,250	300,80	40,210
67	2304	300,300	60,400
67	2305	50,450	300,450
67	8024	150,100
67	8025	230,300
68	2302	460,70
68	2303	460,70
68	2304	470,70
68	2305	470,70
68	2306	470,70
68	2311	300,130	700,180	50,410
68	2312	340,60	500,230	580,630
68	2313	340,60	80,650	300,300
68	2314	260,65	450,150
68	2315	700,50	600,250
68	8026	150,700
68	8027	500,200
69	131	600,100	400,300
69	132	600,100	500,300
69	133	500,150	800,200
69	134	220,80	700,200
69	135	760,140	430,300
69	138	750,250	650,400
69	139	400,90	700,140
69	140	400,130	50,150
69	141	200,90	850,130
69	143	700,100	900,350
69	1401	450,550	950,800	75,600
69	1402	500,500	200,300
69	1501	250,600	960,650
69	1502	600,750	80,680
69	1503	90,500	300,300
70	1401	300,150	80,260
70	1402	360,50	70,250
70	1403	350,60	420,50
70	1601	170,50	300,300
70	1602	300,250	100,150
70	1603	300,50	100,150
70	8024	400,250
70	8025	350,50
104	2031	80,120	80,330
104	2032	170,180	300,300
104	2033	190,350	90,370
104	2034	280,390	90,189
104	2035	280,350
104	2036	80,290	300,380
104	2091	190,390
71	2034	380,570
71	2061	500,400
71	2062	500,400	200,480
71	2063	280,480	490,600
71	2064	490,580	160,570
71	2065	380,750	550,650
71	2091	380,570
71	2132	550,450	400,350
71	2133	470,450	170,470
71	2134	370,550	
71	2135	500,570
217	2071	76,76	360,70	175,280
217	2072	76,76	380,150	180,280
217	2073	180,70	380,180	80,275
217	2074	180,100	78,177	360,280
217	2075	76,76	380,70	175,280
72	1131	1050,100	750,200	230,410
72	1132	1050,100	208,370
72	1133	350,90	1050,90	300,1050
72	1134	300,180	1050,200	230,680
72	1135	1150,200	450,550
72	1136	900,550	400,900
72	1137	900,550	480,1290
72	1192	750,450	170,1300	493,545
72	2401	1200,430	700,450	600,1400
72	2402	1130,460	600,800	900,1200
72	2403	1000,900	750,1300
73	2401	880,650	1070,920
73	2402	950,1300	1060,600
73	2403	850,550	1060,920
73	2494
73	2411	850,450	1130,1200
73	2412	800,1200	1300,500	400,600
73	2413	700,1200	1350,300	420,730
73	2414	1400,1300	450,1200	130,1300
73	2491	600,200
73	2495
73	2492
91	5201	300,300	200,370
91	5202	400,250	170,340
91	5203	300,350	180,430
91	5204	300,70	170,180
91	5205	310,100	85,330
91	5206	300,80	100,422
91	5207	250,50	440,100
91	5208	380,100	260,110
91	5209	255,60	350,55
91	8115	400,100	100,200	100,425
92	5201	300,300	200,370
92	5202	400,250	170,340
92	5203	300,350	180,430
92	5204	300,70	170,180
92	5205	310,100	85,330
92	5206	300,80	100,422
92	5207	250,50	440,100
92	5208	380,100	260,110
92	5209	255,60	350,55
92	8115	400,100	100,200	100,425
93	5201	300,300	200,370
93	5202	400,250	170,340
93	5203	300,350	180,430
93	5204	300,70	170,180
93	5205	310,100	85,330
93	5206	300,80	100,422
93	5207	250,50	440,100
93	5208	380,100	260,110
93	5209	255,60	350,55
93	8115	400,100	100,200	100,425
208	2493
208	2412
208	2414
208	2411
208	2412
208	2413
208	8031
216	2501
216	2502
216	2503
216	2504
216	2505
216	2506
216	2507
216	2508
216	2509
216	2510
216	2511
216	2512
216	2513
216	2514
216	2541
216	2542
216	2543
216	2544
216	2545
216	2546
216	2547
216	2591
216	2597
216	2598
301	3001	1000,580	600,650	350,870
301	3002	650,180	242,242	900,600
301	3003	511,185	430,580	950,620
301	3004	430,180	900,600	
301	3005	250,220	900,600	455,520
301	3090	400,400
301	3091	430,370
301	3201	1300,200	900,340
301	3202	1300,300	850,370
301	3203	1100,200	890,370
301	3204	1050,450	850,370
301	3205	1050,410
301	3290	890,350
301	3291	800,350
301	3501	1300,720	980,1260
301	3502	1200,670	1000,1000	
301	3503	1350,850	1300,1250
301	3504	1400,1200	
301	3505	1400,1200
301	3590	1350,1300
301	8051	400,400
301	8052	1300,1200
302	3911	1000,200
302	3912	700,600
302	3913	150,200
302	3101	400,200	250,700
302	3102	400,250	200,600
302	3103	300,260	140,450
302	3104	200,150
302	3105	140,210
302	3301	1150,300	500,500
302	3302	1050,190	750,600	290,760
302	3303	1050,200	780,550	
302	3304	1000,180	735,500	
302	3305	1000,180	900,750
302	3390	450,600
302	3391	750,350
302	3801	1250,230
302	3802	1350,270	1450,700
302	3803	1500,550
302	3804	1450,200
302	3805	1400,500
302	3890	1400,150
302	3891	1500,200
302	3905	180,180
302	3906	800,300
302	3907	1450,200
302	3908	1450,200
302	3909	1450,200
302	3910	1450,200
302	8054	150,300
302	8056	1500,200	500,800
303	3401	166,600	300,1100
303	3402	150,800	250,1100
303	3403	150,850
303	3404	200,800
303	3405	150,1050
303	3490	150,700
303	3491	100,900
303	3501	330,1330	
303	3502	450,150	660,660	400,1100
303	3503	650,130	350,800	350,1060
303	3504	600,250	500,1160	
303	3505	550,450	500,1200
303	3590	450,400
303	3591	650,400
303	3601	350,150	170,580
303	3602	230,150	140,550
303	3603	200,160	130,550
303	3604	130,330	130,520
303	3605	200,450
303	3690	150,500
303	3691	200,350
303	8052	550,700
303	8053	200,600
304	3101	620,150	900,600	
304	3102	850,300	
304	3103	700,280	450,800
304	3104	550,800	905,100
304	3105	900,250	500,750
304	3190	900,110
304	3191	900,110
304	3551	150,700	125,1380
304	3552	200,700	130,1200
304	3553	150,850	330,1280
304	3554	250,830	
304	3555	300,1100
304	3595	100,1000
304	3596	350,850
304	3701	330,300	850,750
304	3702	160,80	630,1100	800,850
304	3703	350,180	700,1250	950,950
304	3704	130,110	650,1150	
304	3705	200,200	550,1350
304	3790	200,200
304	3791	600,1100
304	3904	760,120
304	8054	700,600
304	8055	600,1100
351	6001
351	6002
351	6003
351	6004
351	6005
351	6006
351	6007
351	6008
351	6009
351	6051
351	6091
351	8057
352	6101
352	6102
352	6103
352	6104
352	6105
352	6106
352	6107
352	6108
352	6109
352	6151
352	6191
352	8058
353	6401	330,880	90,450
353	6402	500,800	150,600
353	6403	550,550	100,450	590,90
353	6404	300,300	600,80
353	6406	90,400	350,100
353	6407	600,80
353	6410	550,750	180,650
353	6411	550,750	
353	6412	80,280	600,600
353	6413	125,300	540,80
353	6414	250,250	380,120
353	8059	80,400	600,550
353	8061	100,400	550,700
354	6301	140,80	700,300	80,580
354	6302	640,80	330,130	65,330
354	6303	60,350	450,300	500,500
354	6304	455,450	500,80
354	6305	230,500	
354	6391	500,80
354	6306	700,80	500,400
354	6307	650,230	60,280	400,450
354	6308	480,250	380,85
354	6309	300,300	250,150
354	6310	235,235	390,85
354	6393	250,150	400,80
354	6394	350,450
354	6405	123,210	340,700	645,150
356	6006
356	6007
356	6008
356	6009
356	6110
356	6111
356	6112
356	6113
356	6114
356	6115
356	6116
356	6117
356	6118
356	20422
358	3401
358	3402
358	3403
358	3404
358	3405
358	3601
358	3602
358	3603
358	3604
358	3605
358	3950
358	3951
358	3952
358	3953
358	3954
358	3955
358	3956
358	3957
358	3958
358	3959
358	3960
358	3961
358	3962
358	3965
358	20432
364	4200
364	4201
364	4202
364	4203
364	4204
364	4205
364	4206
364	4207
364	4208
364	4209
364	4210
364	4400
364	8120
365	4220
365	4221
365	4222
365	4223
365	4224
365	4225
365	4226
365	4227
365	4228
365	4229
365	4401
365	8124
367	4260
367	4261
367	4262
367	4263
367	4264
367	4265
367	4266
367	4267
367	4268
367	4269
367	4270
367	4271
367	4272
367	4273
367	4274
367	4275
367	4276
367	4403
367	8126
367	8127
366	4240
366	4241
366	4242
366	4243
366	4244
366	4245
366	4246
366	4247
366	4248
366	4249
366	4402
366	8125
368	4280
368	4281
368	4282
368	4283
368	4284
368	4285
368	4286
368	4287
368	4288
368	4289
368	4290
368	4410
368	8130
369	4300
369	4301
369	4302
369	4303
369	4304
369	4305
369	4306
369	4307
369	4308
369	4309
369	4411
369	8134
370	4320
370	4321
370	4322
370	4323
370	4324
370	4325
370	4326
370	4327
370	4328
370	4329
370	4412
370	8135
371	4340
371	4341
371	4342
371	4343
371	4344
371	4345
371	4346
371	4347
371	4348
371	4349
371	4350
371	4351
371	4352
371	4353
371	4354
371	4355
371	4356
371	4413
371	8136
371	8137
372	6500
372	6501
372	6502
372	6503
372	6504
378	3981	530,890	380,1000
378	3982	230,180	900,300	
378	3987	600,1050	340,920
378	3988	230,200	950,330
378	4006	250,170	1100,300	500,850
378	4001	400,850
378	4002	1000,300
379	3980	130,330	450,400	950,330
379	3983	600,950	
379	3986	120,330	300,400	930,280
379	3989	500,980	
379	4006	240,180	950,180	600,800
379	4000	300,400
379	4003	400,970
380	3984	600,1000	300,900
380	3985	250,210	950,300	
380	3990	500,1000	
380	3991	130,330	900,300
380	4006	150,300	1150,450
380	4004	400,900
380	4005	300,400
381	3980	130,300
381	3981	130,300
381	3982	130,300
381	3983	130,300
381	3984	130,300
381	3985	130,300
381	3992	130,300
381	3993	130,300
381	3994	130,300
381	3995	130,300
381	3996	130,300
381	3997	130,300
373	6700	80,520	600,600	150,1052
373	6701	600,600	52,600	900,1100
373	6702	230,1190
373	6703	230,1180
373	6704	230,1190
373	6705	930,520	53,600
373	6706	230,1200	50,620	930,500
373	6710	600,900	300,620	50,750
373	6711	50,630	350,650	900,800
373	6712	370,750	750,600	70,750
373	6713	76,755	550,550	750,1250
373	6714	60,800	900,800	250,1050
373	6715	120,1020	900,1050	700,900
373	6716	220,1200
373	6717	230,1200	50,620	930,500
373	8062	700,650	250,580	750,1200
373	8067	900,750	70,650
374	6686	160,150
374	6687	110,130	380,100
374	6688	110,130	300,430
374	6689	110,130	355,160
374	6690	110,120	400,350
374	6691	400,100
374	6692	115,130	
374	6693	244,150	40,190
374	6694	250,130	160,380
374	6695	35,190	450,180
374	6696	350,150	100,140
374	6697	140,150	400,200
374	6698	110,120	350,240
374	6699	110,140
374	8067	220,160
376	6718	650,550	200,500	350,1050
376	6719	550,600	300,450	90,755
376	6720	700,800	110,1100
376	6721	700,700	100,1050
376	6722	450,700	650,1100
376	6723	400,1100	500,800
376	6724	550,800	
376	8063	500,700
376	8067	400,500
377	6700	550,80	920,300
377	6701	900,300
377	6702	550,80	970,180
377	6703	580,80	900,210
377	6704	580,70	970,180
377	6705	550,80
377	6710	580,80	
377	6711	920,160
377	6712	111,65	600,65	930,330
377	6713	540,90	960,150
377	6714	970,160
377	6725	140,100	650,200
377	6726	90,50	280,160	470,160
377	6727	400,150	90,50
377	6718	150,60	700,150
377	6722	150,100	730,200
377	6728	400,160	600,280
377	6729	150,100	450,80	650,300
377	6730	170,340	600,200
377	6731	160,350	610,240
377	8063	450,150
377	8064	160,100
377	8065	200,350
377	8067	700,250
382	6800	300,100	80,270	550,380
382	6801	250,250	410,170	80,270
382	6802	300,500	100,400	540,56
382	6803	620,500
382	6804	600,350
382	6805	620,500
383	6806	250,100	480,160
383	6807	280,350	75,160
383	6808	450,110	75,160
383	6809	160,380	450,350
383	6810	420,380	110,750
383	6811	450,480	125,550
383	6812	530,75	630,490
383	6813	620,60	650,500
383	6814	600,350
383	6815	620,500
384	6810	450,100	80,200
384	6816	300,150	70,160	150,750
384	6817	420,380	190,580
384	6818	80,270	200,550	600,350
384	6819	600,350
384	6820	620,500
385	6758	220,200	1100,550	810,250
385	6759	250,320	1200,550	700,680
385	6760	700,300	1150,600	
385	6761	1050,500	550,450
385	6762	1200,550	160,500	
385	6763	1150,300
385	6764	1150,300
385	8064	230,230
385	8065	1000,300
385	8066	1000,500
388	6770	350,500	700,250	1030,870
388	6771	950,300	1050,900	300,380
388	6772	400,800	1000,750	
388	6773	250,800	1050,800
388	6774	850,830	250,900
388	6775	900,900
388	6776	500,700	850,800
388	6882	410,480	900,850
388	6883	500,700	850,800	
388	6884	250,665	850,550	950,300
388	6885	930,500	180,800
388	6886	900,150	500,400
388	8066	850,130
388	8077	500,800
389	6777	580,450	330,140
389	6778	600,500	100,200
389	6779	300,300	600,320
389	6780	630,250	300,350
389	6781	500,500	
389	6782	600,200	200,500
389	6783	200,500
389	6889	600,500	200,300
389	6890	600,400	300,300
389	6891	570,280	400,250
389	6892	450,250	
389	6893	110,170	600,250
389	6895	600,200	200,500
389	8066	550,400
389	8077	300,150
390	6758	650,500	250,350
390	6759	250,300	
390	6760	550,450	
390	6761	570,250	190,500
390	6762	650,550	270,330
390	6744
390	6745	400,90	90,350	550,600
390	6746	530,630	150,170	600,150
390	6747	350,330	650,200	
390	6748	450,450	140,380
390	6749
390	8076	400,600
391	6750
391	6751
391	6752
391	6753
391	6754
391	6755
391	6850
391	6851
391	6852
391	6853
391	6854
391	6756
392	6750
392	6751
392	6752
392	6753
392	6754
392	6755
392	6756
392	6765
392	8631
392	8632
392	8633
392	8634
393	6784	200,550	600,700	500,1000
393	6785	300,600	70,1050	830,230
393	6786	200,1150	1040,320
393	6787	1000,1170	480,1200
393	6788	650,750
393	6789	1350,850
394	6792	130,75	630,180
394	6793	370,75	100,600
394	6794	600,400	90,450
394	6795	650,450	200,600
394	6796	400,400	90,600
394	6797
395	6791
395	6790
395	8635
396	6860	300,300	1300,500
396	6861	300,700	1400,500	700,1300
396	6862	400,200	1400,150	70,580
396	6863	400,900	1400,150	200,400
396	6864	400,200	630,680	1300,500
396	6865	1100,600	660,300	800,1100
396	6866	1100,650	900,300	300,800
396	6867	500,1000	1400,150	360,600
396	6868	300,900	1300,900	800,900
396	6869	1100,600	800,1100	600,400
396	6870	1100,100
396	6871	1100,100
399	4500
399	4501
399	4502
399	4503
399	4504
399	4505
399	4506
404	7125
404	7126
404	7127
404	7128
404	7129
404	7130
404	7131
404	7132
404	7133
404	7134
404	7135
404	7210
404	8637
405	7125
405	7126
405	7127
405	7128
405	7129
405	7130
405	7131
405	7132
405	7133
405	7134
405	7135
405	7210
405	8637
406	7125
406	7126
406	7127
406	7128
406	7129
406	7130
406	7131
406	7132
406	7133
406	7134
406	7135
406	7210
406	8637
407	7136
407	7137
407	7138
407	7139
407	7140
407	7141
407	7142
407	7143
407	7144
407	7145
407	7146
407	7147
407	7148
407	7149
407	7213
407	8641
408	7215
408	7152
408	7153
408	7154
408	7155
408	7156
408	7157
408	7158
408	7159
408	7160
408	7161
408	7162
408	7163
408	8642
409	7211
409	7164
409	7165
409	7166
409	7167
409	7168
409	7169
409	7170
409	7171
409	7172
409	7173
409	8643
410	7174
410	7175
410	7176
410	7177
410	7178
410	7179
410	7180
410	7181
410	7182
410	7183
410	7184
410	7185
410	7212
410	8644
411	7186
411	7187
411	7188
411	7189
411	7190
411	7191
411	7192
411	7193
411	7194
411	7195
411	7196
411	7197
411	7216
411	8645
412	7198
412	7199
412	7200
412	7201
412	7202
412	7203
412	7204
412	7205
412	7206
412	7207
412	7214
412	8646
413	4601
413	4602
413	4603
413	4690
414	4601
414	4602
414	4603
414	4690